13978
13994
13986
13982
13984
13990
13998
14002
14016
14014
14022
14031
14028
14028
14025
14017
14015
14018
14015
14019
14009
14001
13999
14003
14006
14003
14007
14021
14024
14029
14026
14048
14072
14074
14071
14068
14071
14069
14069
14080
14088
14088
14090
14093
14087
14059
14035
14010
13989
13956
13943
13922
13883
13875
13867
13861
13874
13885
13904
13917
13927
13926
13939
13946
13950
13985
14001
14003
14007
14019
14018
14031
14035
14042
14037
14030
14024
14020
14023
14020
14029
14035
14041
14049
14041
14035
14038
14037
14030
14036
14046
14066
14073
14067
14079
14084
14086
14098
14104
14109
14114
14117
14112
14111
14088
14069
14036
14020
14002
13990
13973
13968
13961
13947
13944
13952
13964
13986
13997
14006
14013
14025
14031
14042
14045
14055
14067
14064
14082
14075
14067
14061
14065
14059
14066
14083
14079
14077
14080
14084
14084
14085
14091
14106
14111
14122
14135
14143
14153
14154
14156
14156
14162
14170
14172
14186
14176
14181
14195
14206
14220
14228
14234
14229
14238
14247
14260
14267
14263
14208
14170
14140
14115
14093
14078
14071
14073
14077
14070
14075
14079
14077
14116
14132
14152
14159
14167
14150
14150
14144
14162
14173
14179
14191
14178
14190
14192
14190
14181
14158
14132
14110
14081
14058
14052
14043
14038
14042
14040
14053
14060
14061
14056
14058
14038
14043
14038
14043
14039
14055
14061
14067
14075
14084
14086
14077
14073
14073
14079
14082
14083
14082
14090
14096
14105
14114
14126
14123
14131
14145
14165
14175
14197
14191
14192
14203
14195
14186
14168
14120
14094
14060
14036
14021
14006
13981
