1651 9 1c00 0 190 a
8997
8997
8998
8996
8994
8997
8996
8997
9003
8998
8999
9009
9000
9000
9002
9006
9004
9000
9001
9003
9003
9003
9006
9013
9015
9012
9010
9020
9022
9023
9022
9023
9033
9034
9035
9034
9040
9033
9043
9034
9041
9046
9047
9047
9044
9050
9049
9051
9062
9062
9059
9066
9068
9068
9071
9074
9075
9075
9080
9083
9081
9069
9062
9047
9027
9009
9003
8989
8983
8986
8982
8977
8977
8976
8976
8972
8976
8976
8979
8982
8972
8982
8985
8983
8993
8986
8983
8991
8988
8993
8988
8991
8987
8985
8982
8988
8992
8989
8988
8989
8995
8993
8995
8999
8999
9005
9005
9009
9030
9020
9018
9020
9026
9034
9033
9032
9040
9037
9040
9040
9049
9051
9033
9035
9040
9030
9037
9038
9033
9035
9036
9041
9038
9038
9042
9047
9046
9048
9059
9055
9062
9059
9070
9068
9074
9072
9074
9080
9076
9082
9085
9087
9076
9089
9087
9088
9086
9093
9103
9097
9104
9103
9106
9104
9094
9097
9068
9048
9033
9027
9024
9020
9020
9012
9006
9007
9011
9010
9018
9009
9016
9016
9015
9014
9013
9015
9018
9020
9015
9020
9020
9025
9019
9023
9022
9017
9022
9021
9020
9022
9023
9017
9021
9028
9026
9026
9027
9028
9036
9031
9036
9034
9045
9053
9050
9053
9055
9053
9055
9059
9066
9067
9067
9061
9069
9072
9073
9067
9075
9075
9080
9075
9078
9085
9083
9084
9085
9091
9083
9064
9050
9032
9014
9014
9013
9000
8995
8993
8990
8994
8996
8993
8990
8997
8994
9001
0
0
0
0
0
0
0
0
0
0
0
0
0
0
0
0
0
0
0
0
0
0
0
0
0
0
0
0
0
0
0
0
0
0
0
0
0
0
0
0
0
0
0
0
0
0
0
0
0
0
0
0
0
0
0
0
0
0
0
0
0
0
0
0
0
0
0
0
0
0
0
0
0
0
0
0
0
0
0
0
0
0
0
0
0
0
0
0
0
0
0
0
0
0
0
0
0
0
0
0
0
0
0
0
0
0
0
0
0
0
0
0
0
0
0
0
0
0
0
0
0
0
0
0
0
0
0
0
0
0
0
0
0
0
0
0
0
0
0
0
0
0
0
0
