16103
16110
16111
16102
16106
16107
16105
16104
16109
16105
16111
16108
16110
16106
16110
16102
16104
16114
16113
16104
16113
16115
16118
16110
16120
16117
16120
16116
16120
16122
16118
16121
16121
16121
16130
16125
16128
16132
16130
16141
16136
16139
16137
16139
16148
16141
16139
16148
16151
16138
16138
16145
16142
16152
16151
16146
16161
16151
16154
16149
16148
16149
16142
16127
16115
16091
16091
16069
16076
16077
16075
16057
16060
16068
16054
16059
16067
16066
16071
16060
16060
16064
16064
16060
16061
16066
16076
16071
16077
16078
16076
16071
16071
16070
16072
16063
16066
16072
16072
16067
16063
16069
16076
16079
16077
16078
16086
16087
16088
16090
16092
16098
16095
16091
16090
16101
16099
16107
16107
16115
16116
16110
16192
16187
16179
16177
16181
16184
16183
16177
16190
16185
16188
16177
16192
16195
16193
16188
16195
16193
16195
16202
16202
16202
16204
16203
16203
16211
16210
16214
16209
16218
16212
16212
16204
16217
16212
16228
16221
16221
16226
16230
16227
16222
16212
16218
16197
16173
16166
16163
16162
16142
16150
16145
16149
16140
16149
16148
16153
16145
16150
16147
16146
16142
16145
16151
16147
16149
16144
16154
16150
16151
16147
16144
16152
16143
16152
16151
16149
16147
16135
16144
16156
16156
16142
16156
16156
16152
16158
16159
16166
16167
16162
16158
16168
16172
16167
16170
16166
16172
16169
16175
16174
16174
16174
16179
16181
16185
16187
16191
16182
16180
16191
16196
16192
16191
16191
16193
16175
16165
16155
16134
16131
16114
16120
16111
16115
16104
16106
16108
16101
16106
16107
16106
16110
16112
