16843
16849
16857
16854
16846
16850
16854
16849
16847
16852
16849
16844
16858
16857
16853
16852
16855
16854
16854
16856
16859
16862
16868
16864
16869
16879
16869
16868
16876
16878
16880
16874
16876
16891
16878
16881
16887
16885
16891
16894
16888
16893
16901
16903
16892
16899
16903
16908
16910
16905
16908
16903
16891
16872
16865
16871
16863
16861
16860
16866
16859
16858
16847
16851
16866
16856
16857
16861
16853
16851
16857
16861
16862
16873
16863
16863
16863
16869
16862
16862
16863
16862
16876
16865
16871
16874
16873
16875
16877
16878
16884
16883
16887
16895
16888
16897
16894
16894
16890
16892
16891
16898
16898
16903
16903
16906
16903
16906
16912
16923
16926
16920
16913
16898
16897
16884
16879
16877
16876
16868
16876
16871
16875
16871
16870
16868
16867
16861
16863
16871
16870
16861
16861
16873
16874
16871
16871
16879
16883
16870
16866
16872
16878
16884
16872
16873
16873
16883
16874
16880
16878
16888
16884
16883
16896
16895
16894
16889
16890
16896
16902
16903
16904
16903
16910
16909
16912
16915
16913
16916
16909
16916
16917
16904
16887
16883
16872
16873
16864
16863
16863
16867
16860
16863
16856
16861
16852
16857
16851
16859
16861
16859
16866
16862
16858
16863
16862
16864
16872
16862
16872
16868
16871
16870
16873
16865
16876
16876
16875
16881
16878
16877
16880
16883
16880
16886
16891
16895
16884
16902
16891
16888
16887
16894
16904
16901
16902
16901
16896
16908
16898
16895
16906
16902
16895
16889
16878
16871
16859
16855
16846
16851
16848
16855
16840
16841
16837
16844
16836
16839
16843
16839
16840
16836
16839
16839
