7499
7498
7499
7500
7498
7510
7515
7506
7507
7516
7505
7507
7488
7476
7461
7450
7446
7438
7436
7433
7430
7431
7426
7432
7428
7436
7436
7438
7429
7425
7430
7430
7424
7426
7437
7437
7438
7436
7437
7439
7438
7432
7438
7442
7438
7441
7441
7437
7445
7444
7447
7442
7454
7443
7455
7454
7457
7456
7458
7456
7460
7461
7463
7466
7465
7465
7463
7468
7470
7476
7474
7471
7476
7478
7479
7480
7478
7478
7483
7489
7483
7486
7493
7488
7495
7500
7501
7496
7499
7496
7496
7484
7467
7460
7447
7441
7434
7431
7434
7429
7423
7428
7437
7431
7432
7436
7436
7435
7432
7434
7436
7440
7436
7435
7438
7441
7441
7440
7445
7445
7446
7439
7442
7446
7444
7434
7441
7441
7442
7437
7441
7438
7438
7439
7435
7439
7440
7441
7444
7445
7452
7444
7452
7450
7454
7459
7461
7462
7465
7459
7464
7466
7473
7468
7461
7471
7470
7476
7472
7479
7481
7486
7478
7484
7484
7491
7490
7492
7491
7495
7495
7503
7498
7496
7504
7500
7505
7508
7515
7507
7508
7514
7512
7508
7483
7476
7463
7452
7447
7444
7441
7429
7431
7431
7432
7436
7430
7430
7432
7426
7428
7425
7433
7433
7429
7428
7432
7431
7434
7428
7438
7442
7437
7438
7434
7437
7434
7432
7443
7441
7442
7445
7442
7454
7449
7455
7448
7453
7462
7458
7452
7460
7461
7461
7461
7466
7470
7464
7464
7471
7471
7479
7472
7478
7480
7479
7478
7479
7486
7489
7484
7487
7497
7499
7495
7494
