28224
28224
28228
28233
28216
28236
28239
28245
28265
28274
28291
28286
28279
28274
28268
28259
28259
28258
28265
28250
28243
28239
28249
28254
28244
28255
28262
28261
28274
28272
28287
28299
28316
28324
28322
28326
28316
28301
28309
28351
28340
28347
28344
28340
28336
28317
28300
28259
28241
28209
28180
28157
28128
28121
28105
28117
28129
28125
28147
28148
28160
28172
28194
28190
28204
28231
28238
28248
28256
28263
28266
28279
28289
28296
28288
28283
28271
28267
28256
28265
28270
28287
28275
28272
28272
28275
28259
28271
28270
28278
28282
28310
28312
28321
28333
28321
28317
28341
28356
28344
28357
28362
28355
28350
28325
28311
28282
28263
28234
28239
28210
28202
28198
28182
28184
28190
28212
28229
28243
28254
28260
28256
28263
28287
28298
28320
28310
28325
28328
28321
28303
28306
28306
28312
28308
28319
28324
28334
28319
28310
28323
28328
28324
28367
28365
28371
28382
28384
28392
28386
28392
28395
28412
28417
28409
28412
28425
28424
28438
28457
28466
28465
28462
28472
28490
28504
28517
28521
28503
28448
28409
28367
28341
28326
28305
28302
28316
28322
28320
28323
28326
28338
28360
28375
28395
28407
28420
28400
28415
28417
28430
28454
28452
28457
28467
28461
28468
28460
28457
28434
28402
28366
28344
28308
28311
28324
28306
28305
28310
28315
28320
28317
28306
28309
28300
28305
28303
28308
28326
28332
28319
28323
28334
28343
28345
28341
28336
28342
28330
28343
28343
28346
28348
28352
28366
28358
28375
28377
28390
28403
28420
28415
28447
28451
28453
28459
28441
28424
28411
28361
28320
28289
28273
28263
28233
28232
