25035
25038
25041
25028
25032
25030
25029
25015
25035
25039
25047
25034
25026
25027
25034
25022
25026
25025
25041
25033
25033
25039
25037
25044
25034
25038
25042
25048
25049
25043
25041
25046
25047
25049
25046
25054
25051
25051
25054
25057
25054
25057
25053
25053
25054
25058
25060
25060
25064
25058
25057
25055
25046
25051
25039
25034
25030
25028
25034
25022
25029
25028
25027
25030
25028
25043
25044
25038
25031
25031
25025
25039
25037
25030
25031
25035
25031
25026
25024
25033
25028
25026
25033
25023
25037
25034
25037
25046
25054
25045
25049
25044
25049
25047
25053
25044
25053
25062
25044
25044
25056
25062
25054
25045
25060
25056
25058
25063
25059
25059
25069
25061
25054
25043
25046
25032
25031
25044
25035
25027
25034
25026
25033
25030
25037
25035
25033
25030
25029
25035
25027
25027
25034
25020
25027
25025
25042
25033
25035
25043
25036
25034
25029
25042
25057
25038
25044
25044
25048
25043
25044
25040
25044
25043
25045
25042
25041
25045
25040
25041
25051
25054
25046
25049
25042
25047
25046
25056
25050
25054
25061
25062
25060
25063
25040
25052
25047
25040
25038
25041
25044
25046
25028
25025
25033
25029
25027
25023
25028
25025
25015
25030
25032
25036
25026
25029
25028
25027
25036
25036
25037
25043
25032
25029
25017
25035
25036
25035
25025
25021
25041
25036
25032
25033
25039
25033
25044
25048
25039
25046
25042
25038
25046
25043
25055
25039
25048
25050
25049
25056
25055
25059
25068
25066
25059
25045
25046
25039
25033
25038
25037
25027
25027
25034
25021
25032
25029
25037
25038
25030
25032
25033
25019
25018
25041
25022
